COL3COL4COL5COL6COL7COL8
182627485153
061525273037
141721313846
151837394452
020824313350
162627394046
161928364754
112125394349
012223484957
101236404547
020636384950
192234414852
012129303546
030928333754
131418293049
071218314149
101122293651
020325262952
101318315053
010912274550
022021223134
071922254449
052326274349
131822404855
303339414354
063046485658
081015213132
173943445054
011317213758
112830373958
011420424849
050710111327
121642434849
102730363840
081429414357
142627404150
052122242732
011621414951
041723344143
021839454655
051129324758
030421265458
060747505253
142539424750
061215182558
082232434551
050622505255
061020294154
061819414547
131930353858
192031334758
051519204549
061431354344
020408184548
020833364144
071127283740
042131445158
071835414350
030434373857
081644454652
050916384249
051923284758
243336394250
152324263747
082122354158
010227405455
010708404657
012146495153
101927313451
071214233135
091131444857
050809205254
212325344347
202123303144
212342495558
091215404648
102534354752
121416354546
051528333856
123035414355
072029353656
010306274449
030608222632
153841484952
101629404457
121721313335
162426343646
111719244044
030728354850
031113215354
010313182036
212326434454
081119225455
112227303553
040811131748
020424263253
061432424856
062023323850
041819274649
020310243039
171826304250
030607093746
132839404257
081427354255
073338445256
071118192226
111324333549
021115364451
071926303839
030411294053
010525293353
091722293645
131930353952
202534474956
142226294146
050817213142
192736384354
052225434658
091929414355
101126314352
051321263854
232730495153
132022324149
041144495456
232733415557
040922252836
142330354453
030929355455
050910182850
041117212341
011319202855
092432343839
162124293554
101420313738
010620324054
111726404852
052246555758
183245505153
081325263035
112733374451
162021272854
101415162546
010511131627
040513202335
162233353943
040718315455
093442485253
091318283347
062227305152
162633354043
031221222856
012242485152
070924253353
122042505156
022133384750
011216263542
192024384657
081442444955
142633444758
122439474850
050710262951
011011364151
183738425354
020315424857
011115294547
050620232634
111518254751
071325374451
202327404551
020308123944
253940464755
011314202353
101822263057
051134364957
101117192339
040517194344
141733404354
021015202739
112130314556
263035384144
091726293758
040509203953
072644464849
040814355358
051012181928
030610324041
061234444753
092528333743
062126435052
050813234150
081923283156
051216255657
062225263537
010920212932
101427404455
010207083034
101523404251
061426335155
032931444857
203137424547
061124294647
010317182337
020544495355
052327394950
111724454652
010415233641
182830464849
041126304245
060919274755
172331354853
162639444651
070927284754
010320364548
011828414852
010523253055
030827304358
010608425153
012434373858
020524495355
050711203744
010234454658
061821262729
182324384450
021035364552
081114273950
050821394358
031416192440
162223283042
011518192344
030431324049
031134354348
051721374852
012526435054
021423263233
121433404251
050716242541
012930324657
152021384255
111723414246
172636374353
101534374046
121827344149
182049525357
072234454957
032531324142
031624295355
020304061335
030411172744
182330324553
022331324455
041020304346
082728294048
020314212545
081522283655
091418374952
232931353746
071640415053
142334435355
283743485156
070812144043
213438424546
344050535558
101423303648
071728303644
091821395058
082937404253
060713424654
273334454756
112939445657
021317273353
032130313955
273536373849
041213273358
010206082858
153033363841
073335364349
051012222537
050824334447
050911344344
161719213857
111416234958
212636414445
122123272944
091319263540
010317313539
121728425057
052528363942
132634383944
121521284258
111819245658
202735364357
020713203948
020312163435
173639404144
010911202454
111522373842
020710142435
022025262953
061731424348
052326293158
030715204553
042427314957
153236455558
032843465657
060809112356
061620213952
071621404143
051326344951
091929415458
051338475051
173643444551
040521475152
031225274252
060822253057
051720465558
071516192451
182142444856
042939414352
131516184345
050913173541
031330313452
020710172329
010719374655
021224253233
092632345157
072526354350
111324394454
041236384650
091930313538
031230323647
111314374251
073839485758
031015162853
081724495457
061143495558
072124255257
091528343656
101738395058
212930354658
011119204358
101116363956
081723252842
101719245356
181937425153
032050535557
112122515354
010426414450
030920294158
012431384345
012635374758
111524425358
091522314049
132031365054
041621263150
101925404254
051931505457
142440424357
091822283839
141820444748
141830334752
032048525657
101224273638
020320284248
071725384850
111430354655
030922253435
091927384546
161846515457
020910283536
060917182647
103744455154
030819203340
121923394053
081115203334
152639405254
042636414552
283840465253
050716232639
162223263158
173241424458
101316263656
040710385057
021025283136
142130314851
091417192652
081120495758
151718314955
042045495058
040524253134
070933364056
202425325052
101921344245
132022235258
304145464758
052729414351
032325485157
052630405157
071218304144
083035384650
021921304142
152528293537
131619303256
061239425358
020712252933
071443454653
172337394446
010220345054
111224253653
182030455758
091118202150
030514273140
020614323450
061220334056
030414213154
122025262756
152846495357
253233405157
022746495057
253132415153
040528384356
111722325051
011014274147
202234353948
040911134446
143133424758
092632333536
010811124049
051317193252
182224373848
021517313741
192027343758
192030313538
020834364147
071214202129
010932353745
031420283043
012026334955
122242444851
071320343543
070911134657
082225365758
020821323453
052940445158
041020215255
121635404158
223238394557
091316183354
021319305051
021422232543
030911124757
102230313252
010511131653
061113214651
071626373849
101516213145
021634394956
050608404147
062048505156
111932525356
161920213958
032627283257
042633364042
010408202942
030423464953
021117202958
294243454951
062326404157
081016204957
010917395158
062028293142
071337455257
010914264152
020314193236
032539405556
182527293654
213052535657
041522244349
081441454851
132334465355
041523324758
040828334647
010710364446
010824444648
030506182239
010927455053
050615353940
071139474958
061012484957
091017374256
131421273444
203844465055
073336404650
050616215157
112030313348
111220222846
132429323846
031927325253
041013153751
061526444752
010927404858
050820415358
032022262733
012129354255
030920384058
061423294753
071828293142
010623323557
010320212533
040712174146
011539424345
071927414356
122234465355
030928303849
122932465152
010517212430
171925313740
050608213840
273037434849
132526272950
061729394146
213031414452
202427283754
071733343545
010305213038
023742454757
232733454955
010241485758
121431343743
013643464852
060722303443
091530313852
041924424953
132328363746
171827424548
021237545657
021621314146
232430505556
020309303132
323440474849
203239415253
030515353644
111418194451
111627385054
111821254758
142027313648
022731385455
040923264247
052235424356
263133455156
012125384152
123032374147
222335404656
020815485054
052741455054
091623304247
101921334057
182023253745
052324293943
112433345158
062023253444
173637444647
133042444952
030625293448
193740454849
020410333754
172934535557
101942435356
081620434854
222638424349
121520293752
142224313555
010709333748
081012234954
011025293650
182932345152
041425485158
092832434850
010506172023
142430344054
142532445657
041314152757
051014182455
181936384458
050915385657
172029344048
022526333536
081215163648
143437444652
030715192352
092021253150
041024303545
192140435258
052044535457
081519323437
071634424953
111423414749
071823414756
040714313951
010507144044
031521344756
020516344655
010305294448
092433374248
020911364157
172038444954
132341484957
101643465157
021730343957
132527293237
072638424552
113142525358
061516203957
061124434655
072332344951
121415232641
050912141516
012136374044
031721294755
020819222632
031820375458
011324263244
162736435556
041415244249
121419274647
071112222628
040913154558
212432335658
111426324156
050812365057
091830355054
031115253258
062135363948
162731444654
062326284857
041223353744
082028315052
264143445458
091930384757
051221324251
081522243358
121522314557
102728454952
030930373850
102036404157
123442474852
061419235556
032728374042
010822273840
070816315056
081819283031
040515214351
203141434950
050717284354
101516364255
222733363856
162134374250
041325353643
050815304854
070825314953
050712163244
010809333645
091424253156
020833405358
061920375355
363947484958
121627424554
121724293951
223235384551
132840495356
051221374056
091011173557
031119343653
013238414852
030521242741
162433374145
031920224147
121314153845
011137414348
203235444748
050820254950
031621404454
040610134856
192025415054
031422253050
020928334454
141821283547
022124293755
031013142225
303339425152
111530415455
091011182558
242532354056
040810265258
101522345153
181934364448
010827424345
010518192555
091523424655
021017263738
021116344357
070811345758
111722303538
020831354252
080919313442
091424293644
101415164043
081621293753
010810313437
042432364255
102431505657
061618323355
091116204344
172024273352
061526343743
081020285358
032228314055
273233373947
043244495255
111620434654
010620265053
103236434756
061442455058
222538454951
080921263137
101421325257
152632404754
051238545558
010406112530
081422454652
141727313743
202332354041
071016365157
032729394054
010816354143
030512293540
040718324041
031116253856
172338424349
061323374651
102539455255
031035385354
132442495355
082937394548
162022242834
010205182141
202327505556
041819424353
061216283742
070921354452
081618293740
141620445758
012430364749
283031353647
171920325053
050715223155
122631415152
030621395254
071920263754
050917283248
212426304557
154249545556
040910114952
222330314143
101927293448
010715293637
122125373958
122635373946
012025264244
112029394958
021535445354
192937465154
152223293444
061516313844
040629333645
253244525458
101326404753
020710223854
091218192051
243036455256
101830505657
040724344048
011542444954
142528424855
213436475053
091721303942
293036424653
081113313354
112431384053
121315242931
022045495455
151719395152
052224264246
010834394655
041539445157
010313304458
052123334255
020507214448
121415213647
010214333746
192331335154
030410134657
011525374856
021931394649
020326354548
020611174749
031624404344
031216384752
040613142655
041115283957
021827294757
202227304954
202328394147
011721244854
061544455458
030609365253
131620222940
020610162454
363744465558
121720263646
081011363944
051530343951
010406363844
121419282932
071019284142
131720333439
050621273351
172431374353
142227323458
202732395457
091321243653
111221334750
151718495258
171824424750
061042464954
041517272944
013540424749
121420313847
223138424550
072223464957
031820233954
121724343658
021229313455
072330324955
082426324648
091418344653
021122444954
010915175053
010816203839
111924303741
112325464954
041225384049
061431324054
061214183357
020622364655
030927424356
101233404546
061223464856
060826454751
081012344749
060912132026
244244485355
051021232954
121315222446
141617243957
040515182425
021236455358
122425515257
091518385257
071937414758
121820274247
141930455057
081720315254
091321282934
253539434548
212730425257
101336405056
051921515455
012229475556
081314173154
030724263351
192838435355
143041495458
182236485455
040709203039
062126354142
020924314953
181927323639
051019242633
071213243257
141618324854
062233343945
062342434556
101526415355
131415324754
021924273949
010410214854
121422273146
323339415456
050711384451
082024323354
142031405056
083538484958
071440414853
061318243550
014248535758
093640445057
071216243158
091125262945
162628374356
263334384451
040506293244
020932414756
182022384758
031324272831
062526414952
192932354348
203536394553
020428365253
092930313742
212425283151
111415315658
254244485054
021925535758
030423333558
151719273646
061925394658
071121253539
052631404457
051623285557
394041455658
141831394452
030719304249
011122313640
081320313544
172736434647
020411314553
273238445658
010525495154
294647485457
030824252641
020716234854
222526465152
080921303556
273042515458
010709202757
112027374648
021019303238
030412495053
042529475455
091529345156
081012272938
011423253048
011216245253
023233404655
011721253346
283245505457
071114194751
031022232946
070818404356
081721303241
062530323443
010712283540
161921232557
273034394748
083132334349
060812394958
263744454748
061215343744
010409155657
070920303738
121446515257
052430394548
011518232457
020334414957
112029353739
013540465254
010923324455
012437444957
061322444555
121314262739
052022283857
030405364446
092829343738
081024303644
061220395055
192533495557
213738404354
111529495255
040511385156
244546515455
102227384353
272841434456
141831414457
081314273045
010823444554
151720435458
010433353754
313236434858
031322404447
031537505556
031517232527
052432384953
272934415052
334749535657
061418355054
212739505153
050914414455
010712293441
091237414547
052628465153
040624274349
152427414858
031118354756
274148495158
223340505456
202124454952
353841424352
062324323457
061846475658
071622485356
041217383941
011932385158
151625264057
041126334647
102125304546
082331324245
131520235257
051221303146
060731505255
012129345758
052627283351
192023252954
071316192642
131625323347
011114324555
142939434547
071024363745
141517345155
040540465255
030425283157
021633445456
163536374753
040710142934
011012343649
030526284750
020609212629
172025434852
273336505157
374344485355
132731404655
071316232829
101124253444
081531365556
030613315254
031021274250
203239435358
192939485558
081627334857
141930334452
031115263437
121415243044
081925263135
101926424445
171832424952
041133394344
112528404245
050835364647
121316212750
112945495152
172229323846
142021364758
040720222326
172226294450
163233394454
030511142356
010617293134
091032334658
060917182853
021037455254
030427404451
051931394244
022024344151
172531343752
020406132333
041011173344
052834515455
112327293755
121516353646
050815364052
041229364051
010910132631
051424334657
151936404151
102831324152
113537424356
013536384258
061121242956
103744465456
111433404753
040608151834
041649515556
011328414654
101719465052
020309254553
272930414253
011011384854
021015344654
243147495358
020511154246
050739435257
101719204042
083036475052
021433394252
101223374655
020609343651
041011124248
030513445354
122127415455
111230353751
020814284449
010204064046
081926334143
011533424953
021719334756
121921264057
102936384749
193136414349
364045525458
010210203757
062529364858
012023285358
020512353641
011318194553
011237475052
081819252933
051933445057
192122344156
040711141644
091025313455
223037414648
070910113950
111316172746
072328394358
021626324958
051116181934
091516334549
071316324253
050621363743
122225262939
061113195358
031730313436
122224384348
031218194651
162331394355
141824414345
111434404251
061821314854
031016172025
122122394154
304243465258
011435364250
101415232847
050716273958
041114254151
141626354849
042728395358
041112142631
172123273137
101630313446
111216193541
092846475254
293337465054
132728313258
043639404447
283135505258
030412134451
111826375558
152228404352
233540414248
121635414648
071115225657
022139455257
142138425056
011723263655
011021275157
193040444550
122234363950
091324263653
223440424852
212730455458
011827444546
010615182627
192528364449
051923374255
071034385052
111217194153
142037505152
071012152857
081721253550
010626353843
021422275152
061117253652
252733384050
022533485257
022837394950
030826293236
152832465556
020309141623
020714162445
111425465458
192023505354
030619343647
012426283253
111215232951
012236435458
383945465258
233348495158
010508323749
042937454650
061029344552
012526395255
082433365456
041626283031
030711273257
071017285157
030418384452
081733353855
010516202754
041518384753
072041475158
333839474853
303250525355
192021344857
172136424651
010322253153
122232335153
010810384155
022627325354
010513143951
071434475255
021736414451
121415343949
132729374055
081113252635
101419264345
042627434556
202841455153
040513205556
202325454857
132325265358
143445465455
142033404251
101221385155
071220263651
053640505253
051820263649
012627323958
070814334958
051821264044
011124354249
121416464857
091125353951
082223243258
030607203141
050626283049
012426284153
010304384650
111532353941
020922344047
010816192436
151721304247
062427283448
262931535658
081516253135
010410202641
040829354752
182030424447
091345535455
121420475357
053036424851
122137384754
273437415253
132129434658
131822344346
030518283758
121322244757
010916415758
050709233335
041445495154
031314223358
111216373851
030920525658
213046485053
073036394244
020523295456
193344485153
243237405658
043136425056
020305093139
161923434750
141920253041
050714174243
111727303658
010708142744
091118323349
172227295256
011621224957
203233505457
202133455557
071618252750
041117364144
101314293654
121923262756
143337425356
072126475054
101215234349
112327345354
111230354547
031020565758
010628384657
020406095657
030411222856
091112143153
091014283055
202527344146
192132333455
030622273339
040611364850
011415183543
072032384549
030712232546
031027293248
062931465358
374244454654
103033364445
020613264148
011333394854
142728334647
051424345253
041518192657
021420354145
112029404357
151829445558
112527414249
050726344650
010615193740
163338535557
074044454857
010609394258
060927404150
051031364653
083032343739
132224323639
041319213358
010306182252
111618245058
131516213847
043750565758
192042434753
050717283437
020717374455
060913374254
010406203341
040829313744
071516203252
111220303249
030530324555
060717283958
050929384252
040840425556
013642455558
161824314454
051821283749
242628304054
010510223945
040709343553
101523285053
202123294956
122931343539
071014151626
212527333746
081113192124
061416334658
030821222757
041921303246
101241424551
070927303454
070824383954
020726282930
152144475155
112038525355
213041435258
051115275358
064244465357
031137444547
093436525355
101929343554
031920275158
031116455458
071022495758
021630374554
252736414258
042035424658
020823344858
182126274852
111718374654
101622263242
071720242531
042744465155
070815233136
080914293548
032833474953
104142474857
132734394145
031226275258
031131363946
021017384950
022630313649
030720232858
011637404245
040934374349
010208144752
101321333854
030626294655
081417202228
162425285758
303341444552
021016213639
082326454756
273033414348
132231454950
021135374456
032025343947
081832424348
052026284346
060711323642
031315384154
111625282932
102627485657
152440424655
071334364047
121417233744
212338444557
081024324457
091423264146
061420233357
062630515354
071625344757
071528394247
012123334950
121424364754
010512132629
020508091215
011617212736
143940495457
112536484954
242530313254
041925283138
051014265053
141519222739
172627404350
061235374049
121617181949
033338394051
062629515256
243237404249
051214404853
101624394250
061017185254
092432424357
162038404355
041315184856
012631394052
020933394657
050824344654
032029304654
112737384451
071220334053
112431353744
192329303551
213839535456
021719262956
111518465358
103545515758
122328404356
021031334347
081828323743
011421344252
060720273738
112832444552
041523273337
101920243541
143334404858
081930424354
101517405257
121830324250
021214192325
062227344050
020306182545
060810182038
081426283749
111624404654
012532334652
182425283233
111243465058
203243485455
010307203558
112631364152
071726303840
031417233738
010614313743
081020313241
113343455057
061329374546
293139425153
181928535658
101518232552
121726293437
142236384345
050607263857
031013254849
162630424749
081028314647
070815173243
011229363942
032227374054
181934464857
041120234855
121319252639
023844475357
193035363849
050632334853
293435384349
031726414546
050734424555
061925284549
020314203657
032930475152
082129304048
020812132257
021724485056
010208224554
030710295558
082324485158
041518263447
020325294050
030530364055
112326434652
161725304154
051232353645
031837394049
030405152023
011226373950
041725354158
031936455556
060813344855
202237475556
010812172125
111438404243
111825285052
232636414253
122430324648
202629334647
011634384858
041217242639
020319233049
020924293845
114749515355
052930535557
010729314051
132730404351
051518192853
020623273143
012325284349
091924295657
173233365053
071118253958
030441434452
020616232732
010313193558
040506294555
010405132456
102235364558
071416294557
050913253840
161822404454
020712375256
060913213743
141938455355
082642454953
062427293043
162931435254
021416192137
092224285058
010219294354
041619323950
010915174648
081627285255
162030415358
111219273136
061314324450
131733384858
101622243349
040618283858
192742434448
163738425053
041618313244
020738445255
041927294147
072033394957
070911171925
242627294050
070814223558
163647484950
051622233452
202224283657
051214374653
021213224156
071518454755
263536434654
172830475455
304748535457
032936455355
131518234352
111921333558
031840445358
192025262852
071014193754
031831333744
010418244750
010811122753
010315184046
121429315455
203439435758
132227374653
040814343748
010408244245
012224545758
183335465258
051017293541
081136424851
202225334653
142227345456
011127334652
071314172156
121315233158
092228314754
081022444551
050613152224
111527314558
111520293141
061215375455
063540424345
011835424358
052730343649
142331333845
082128434958
081832505455
141724303946
060822233541
121723404852
253435475758
051116242543
020613464751
071424254649
192227314550
071522252850
293046505254
222934353853
021214174648
071018263051
010912172838
021721374055
163846474850
254144474856
283639465256
081119274755
011924354249
112129303541
071531454658
021619333958
030819233051
030407444952
172023365358
040537415458
040517233134
030506192235
030917304347
030414265057
020725343650
041213353954
161719285455
061721375052
212738394146
042840434458
131536404957
091521262753
040913174758
242933465557
133438424748
122030345051
172829334453
202846475557
092830454953
111522343757
103042434858
031732364349
020506222729
192734404255
020711132042
034445475356
040917214850
283033495152
072025384356
031017414647
111350515455
173039475152
091017344051
030917263450
172021364150
051121334857
143237384256
081831414248
183940444549
121431354757
021325344248
072325283356
022226424955
050727315257
071011132345
263336404952
172327374651
091848505357
161734354452
162325324557
031736454950
031011263853
071231414749
091217202728
142225435354
050732424358
121844475054
011826344755
012729354050
020511162836
010718202734
222538394053
050915293551
131924374042
253344505356
192734364052
152931525458
040811154647
021216324152
091416273949
023046535457
041623455456
142542505356
071213184252
042435404148
061233465156
010415244143
072639404657
172447555758
032838394950
071320232427
141821224649
011819232458
122631334354
213043454856
151632444750
162136404556
070914234753
202326274357
222327355358
252640454958
162628293136
222931434957
151829424351
082037515558
040929304049
061317263247
121927283850
263546495557
010522244652
031836525457
142629324247
051618425658
020517204354
010405131541
092930465158
050722232547
050709445157
062142444752
031631384053
020508142530
121839405458
121635384041
030725394752
021923434851
081118324652
033031323338
010634364958
172539435557
030817535658
112027363940
092223243236
043043475658
060810171852
101326334850
061017262732
051118434955
132125375557
050809154243
081829384049
010717353740
050714414756
040832384050
041423335456
222931454853
181924333944
041214263235
032331324753
091730333958
010833364858
050624263146
071948535456
030812192444
132329383943
394752555758
041519253942
142628394852
010726404955
011720262734
020610121348
101424295357
091518355356
010416234350
142433343646
040514404350
030717284550
050811265051
131719234849
082025394751
161719265056
041631484950
011522434950
020623284556
010810153638
060910131424
111216313846
141632363851
010205082656
020320283653
131634425153
121837444855
102126363940
232934395156
192029475052
010728325557
030608454955
041319414257
010204054446
041447505157
052127415356
242933424453
202931323948
020315263346
061420344457
071521415355
081819273054
072226364345
152123394451
012425374955
030514192038
161731333551
011012445058
040926353753
041112414850
111214353949
111827405456
010419323342
042022343958
031524344852
062031374454
041222474850
131724304154
081730355358
131431414953
031222333641
042134414452
052628303644
060910142331
021218233451
222645515355
101213395253
161921314856
020308324850
032232475257
122631395253
021416263033
162234355058
020417234243
050623344253
031828304546
030720313955
101430374344
071622234956
091015273242
010811285456
010618193845
081424444649
030712182349
061034404243
022022273947
213334395255
202934374749
072324314256
031819234347
060814152629
062024324752
081537434445
202131375255
293538424651
091322262840
071217263351
202635415057
031734505154
182325294456
101421243538
061116223155
031518273555
071517192436
031833374057
021522282955
071325434550
151720323745
041224284153
203639424550
061820284151
031620283344
082426294156
031819202351
131838404447
050915173642
012036454951
122131373852
040718385054
162228344858
101123304355
032025314153
010225293857
092537414348
112930353845
010313374350
141822264655
081011131417
021222334142
060915485054
012040445051
012427294347
020911131535
121420255052
171826445051
242531454652
111521303554
052939404551
243445505354
031929304647
041011145053
011618253549
131525315153
041219245152
273542505258
152330333741
020508233151
051029414245
121622515358
212336495156
122350525758
021143445158
050732394253
060922414245
072224294146
071120354357
171923345153
062734485456
051824404555
052028395255
022437424548
041218344054
172731365258
050711184353
043242434855
062425293346
011325262943
072123284050
040826323644
050841434853
031728293137
222427303649
051524293453
061024344954
061416325053
394446485156
181921293553
053740434446
061626363949
030409101435
041523404554
112528364146
293243464748
183233425758
010512173157
051220434854
041935394146
020411225057
040632394145
172938435657
141534394752
050609335056
080924325356
080921232844
202638434658
