182627485153
061525273037
141721313846
151837394452
020824313350
162627394046
161928364754
112125394349
012223484957
101236404547
020636384950
192234414852
012129303546
030928333754
131418293049
071218314149
101122293651
020325262952
101318315053
010912274550
022021223134
071922254449
052326274349
131822404855
303339414354
063046485658
081015213132
173943445054
011317213758
112830373958
011420424849
050710111327
121642434849
102730363840
081429414357
142627404150
052122242732
011621414951
041723344143
021839454655
051129324758
030421265458
060747505253
142539424750
061215182558
082232434551
050622505255
061020294154
061819414547
131930353858
192031334758
051519204549
061431354344
020408184548
020833364144
071127283740
042131445158
071835414350
030434373857
081644454652
050916384249
051923284758
243336394250
152324263747
082122354158
010227405455
010708404657
012146495153
101927313451
071214233135
091131444857
050809205254
212325344347
202123303144
212342495558
091215404648
102534354752
121416354546
051528333856
123035414355
072029353656
010306274449
030608222632
153841484952
101629404457
121721313335
162426343646
111719244044
030728354850
031113215354
010313182036
212326434454
081119225455
112227303553
040811131748
020424263253
061432424856
062023323850
041819274649
020310243039
171826304250
030607093746
132839404257
081427354255
073338445256
071118192226
111324333549
021115364451
071926303839
030411294053
010525293353
091722293645
131930353952
202534474956
142226294146
050817213142
192736384354
052225434658
091929414355
101126314352
051321263854
232730495153
132022324149
041144495456
232733415557
040922252836
142330354453
030929355455
050910182850
041117212341
011319202855
092432343839
162124293554
101420313738
010620324054
111726404852
052246555758
183245505153
081325263035
112733374451
162021272854
101415162546
010511131627
040513202335
162233353943
040718315455
093442485253
091318283347
062227305152
162633354043
031221222856
012242485152
070924253353
122042505156
022133384750
011216263542
192024384657
081442444955
142633444758
122439474850
050710262951
011011364151
183738425354
020315424857
011115294547
050620232634
111518254751
071325374451
202327404551
020308123944
253940464755
011314202353
101822263057
051134364957
101117192339
040517194344
141733404354
021015202739
112130314556
263035384144
091726293758
040509203953
072644464849
040814355358
051012181928
030610324041
061234444753
092528333743
062126435052
050813234150
081923283156
051216255657
062225263537
010920212932
101427404455
010207083034
101523404251
061426335155
032931444857
203137424547
061124294647
010317182337
020544495355
052327394950
111724454652
010415233641
182830464849
041126304245
060919274755
172331354853
162639444651
070927284754
010320364548
011828414852
010523253055
030827304358
010608425153
012434373858
020524495355
050711203744
010234454658
061821262729
182324384450
021035364552
081114273950
050821394358
031416192440
162223283042
011518192344
030431324049
031134354348
051721374852
012526435054
021423263233
121433404251
050716242541
012930324657
152021384255
111723414246
172636374353
101534374046
121827344149
182049525357
072234454957
032531324142
031624295355
020304061335
030411172744
182330324553
022331324455
041020304346
082728294048
020314212545
081522283655
091418374952
232931353746
071640415053
142334435355
283743485156
070812144043
213438424546
344050535558
101423303648
071728303644
091821395058
082937404253
060713424654
273334454756
112939445657
021317273353
032130313955
273536373849
041213273358
010206082858
153033363841
073335364349
051012222537
050824334447
050911344344
161719213857
111416234958
212636414445
122123272944
091319263540
010317313539
121728425057
052528363942
132634383944
121521284258
111819245658
202735364357
020713203948
020312163435
173639404144
010911202454
111522373842
020710142435
022025262953
061731424348
052326293158
030715204553
042427314957
153236455558
032843465657
060809112356
061620213952
071621404143
051326344951
091929415458
051338475051
173643444551
040521475152
031225274252
060822253057
051720465558
071516192451
182142444856
042939414352
131516184345
050913173541
031330313452
020710172329
010719374655
021224253233
092632345157
072526354350
111324394454
041236384650
091930313538
031230323647
111314374251
073839485758
031015162853
081724495457
061143495558
072124255257
091528343656
101738395058
212930354658
011119204358
101116363956
081723252842
101719245356
181937425153
032050535557
112122515354
010426414450
030920294158
012431384345
012635374758
111524425358
091522314049
132031365054
041621263150
101925404254
051931505457
142440424357
091822283839
141820444748
141830334752
032048525657
101224273638
020320284248
071725384850
111430354655
030922253435
091927384546
161846515457
020910283536
060917182647
103744455154
030819203340
121923394053
081115203334
152639405254
042636414552
283840465253
050716232639
162223263158
173241424458
101316263656
040710385057
021025283136
142130314851
091417192652
081120495758
151718314955
042045495058
040524253134
070933364056
202425325052
101921344245
132022235258
304145464758
052729414351
032325485157
052630405157
071218304144
083035384650
021921304142
152528293537
131619303256
061239425358
020712252933
071443454653
172337394446
010220345054
111224253653
182030455758
091118202150
030514273140
020614323450
061220334056
030414213154
122025262756
152846495357
253233405157
022746495057
253132415153
040528384356
111722325051
011014274147
202234353948
040911134446
143133424758
092632333536
010811124049
051317193252
182224373848
021517313741
192027343758
192030313538
020834364147
071214202129
010932353745
031420283043
012026334955
122242444851
071320343543
070911134657
082225365758
020821323453
052940445158
041020215255
121635404158
223238394557
091316183354
021319305051
021422232543
030911124757
102230313252
010511131653
061113214651
071626373849
101516213145
021634394956
050608404147
062048505156
111932525356
161920213958
032627283257
042633364042
010408202942
030423464953
021117202958
294243454951
062326404157
081016204957
010917395158
062028293142
071337455257
010914264152
020314193236
032539405556
182527293654
213052535657
041522244349
081441454851
132334465355
041523324758
040828334647
010710364446
010824444648
030506182239
010927455053
050615353940
071139474958
061012484957
091017374256
131421273444
203844465055
073336404650
050616215157
112030313348
111220222846
132429323846
031927325253
041013153751
061526444752
010927404858
050820415358
032022262733
012129354255
030920384058
061423294753
071828293142
010623323557
010320212533
040712174146
011539424345
071927414356
122234465355
030928303849
122932465152
010517212430
171925313740
050608213840
273037434849
132526272950
061729394146
213031414452
202427283754
071733343545
010305213038
023742454757
232733454955
010241485758
121431343743
013643464852
060722303443
091530313852
041924424953
132328363746
171827424548
021237545657
021621314146
232430505556
020309303132
323440474849
203239415253
030515353644
111418194451
111627385054
111821254758
142027313648
022731385455
040923264247
052235424356
263133455156
012125384152
123032374147
222335404656
020815485054
052741455054
091623304247
101921334057
182023253745
052324293943
112433345158
062023253444
173637444647
133042444952
030625293448
193740454849
020410333754
172934535557
101942435356
081620434854
222638424349
121520293752
142224313555
010709333748
081012234954
011025293650
182932345152
041425485158
092832434850
010506172023
142430344054
142532445657
041314152757
051014182455
181936384458
050915385657
172029344048
022526333536
081215163648
143437444652
030715192352
092021253150
041024303545
192140435258
052044535457
081519323437
071634424953
111423414749
071823414756
040714313951
010507144044
031521344756
020516344655
010305294448
092433374248
020911364157
172038444954
132341484957
101643465157
021730343957
132527293237
072638424552
113142525358
061516203957
061124434655
072332344951
121415232641
050912141516
012136374044
031721294755
020819222632
031820375458
011324263244
162736435556
041415244249
121419274647
071112222628
040913154558
212432335658
111426324156
050812365057
091830355054
031115253258
062135363948
162731444654
062326284857
041223353744
082028315052
264143445458
091930384757
051221324251
081522243358
121522314557
102728454952
030930373850
102036404157
123442474852
061419235556
032728374042
010822273840
070816315056
081819283031
040515214351
203141434950
050717284354
101516364255
222733363856
162134374250
041325353643
050815304854
070825314953
050712163244
010809333645
091424253156
020833405358
061920375355
363947484958
121627424554
121724293951
223235384551
132840495356
051221374056
091011173557
031119343653
013238414852
030521242741
162433374145
031920224147
121314153845
011137414348
203235444748
050820254950
031621404454
040610134856
192025415054
031422253050
020928334454
141821283547
022124293755
031013142225
303339425152
111530415455
091011182558
242532354056
040810265258
101522345153
181934364448
010827424345
010518192555
091523424655
021017263738
021116344357
070811345758
111722303538
020831354252
080919313442
091424293644
101415164043
081621293753
010810313437
042432364255
102431505657
061618323355
091116204344
172024273352
061526343743
081020285358
032228314055
273233373947
043244495255
111620434654
010620265053
103236434756
061442455058
222538454951
080921263137
101421325257
152632404754
051238545558
010406112530
081422454652
141727313743
202332354041
071016365157
032729394054
010816354143
030512293540
040718324041
031116253856
172338424349
061323374651
102539455255
031035385354
132442495355
082937394548
162022242834
010205182141
202327505556
041819424353
061216283742
070921354452
081618293740
141620445758
012430364749
283031353647
171920325053
050715223155
122631415152
030621395254
071920263754
050917283248
212426304557
154249545556
040910114952
222330314143
101927293448
010715293637
122125373958
122635373946
012025264244
112029394958
021535445354
192937465154
152223293444
061516313844
040629333645
253244525458
101326404753
020710223854
091218192051
243036455256
101830505657
040724344048
011542444954
142528424855
213436475053
091721303942
293036424653
081113313354
112431384053
121315242931
022045495455
151719395152
052224264246
010834394655
041539445157
010313304458
052123334255
020507214448
121415213647
010214333746
192331335154
030410134657
011525374856
021931394649
020326354548
020611174749
031624404344
031216384752
040613142655
041115283957
021827294757
202227304954
202328394147
011721244854
061544455458
030609365253
131620222940
020610162454
363744465558
121720263646
081011363944
051530343951
010406363844
121419282932
071019284142
131720333439
050621273351
172431374353
142227323458
202732395457
091321243653
111221334750
151718495258
171824424750
061042464954
041517272944
013540424749
121420313847
223138424550
072223464957
031820233954
121724343658
021229313455
072330324955
082426324648
091418344653
021122444954
010915175053
010816203839
111924303741
112325464954
041225384049
061431324054
061214183357
020622364655
030927424356
101233404546
061223464856
060826454751
081012344749
060912132026
244244485355
051021232954
121315222446
141617243957
040515182425
021236455358
122425515257
091518385257
071937414758
121820274247
141930455057
081720315254
091321282934
253539434548
212730425257
101336405056
051921515455
012229475556
081314173154
030724263351
192838435355
143041495458
182236485455
040709203039
062126354142
020924314953
181927323639
051019242633
071213243257
141618324854
062233343945
062342434556
101526415355
131415324754
021924273949
010410214854
121422273146
323339415456
050711384451
082024323354
142031405056
083538484958
071440414853
061318243550
014248535758
093640445057
071216243158
091125262945
162628374356
263334384451
040506293244
020932414756
182022384758
031324272831
062526414952
192932354348
203536394553
020428365253
092930313742
212425283151
111415315658
254244485054
021925535758
030423333558
151719273646
061925394658
071121253539
052631404457
051623285557
394041455658
141831394452
030719304249
011122313640
081320313544
172736434647
020411314553
273238445658
010525495154
294647485457
030824252641
020716234854
222526465152
080921303556
273042515458
010709202757
112027374648
021019303238
030412495053
042529475455
091529345156
081012272938
011423253048
011216245253
023233404655
011721253346
283245505457
071114194751
031022232946
070818404356
081721303241
062530323443
010712283540
161921232557
273034394748
083132334349
060812394958
263744454748
061215343744
010409155657
070920303738
121446515257
052430394548
011518232457
020334414957
112029353739
013540465254
010923324455
012437444957
061322444555
121314262739
052022283857
030405364446
092829343738
081024303644
061220395055
192533495557
213738404354
111529495255
040511385156
244546515455
102227384353
272841434456
141831414457
081314273045
010823444554
151720435458
010433353754
313236434858
031322404447
031537505556
